5 0.3796875 0.34296875 0.028125 0.0578125
5 0.5609375 0.34375 0.02734375 0.05859375
5 0.215625 0.37890625 0.0125 0.0328125
5 0.865625 0.39296875 0.01875 0.0421875
5 0.2390625 0.39375 0.01171875 0.02890625
5 0.8125 0.3984375 0.015625 0.03828125
5 0.528125 0.40390625 0.015625 0.0328125
5 0.5953125 0.41328125 0.01484375 0.0296875
5 0.2546875 0.45234375 0.01328125 0.0296875
6 0.35859375 0.49921875 0.0328125 0.0328125
6 0.41875 0.5171875 0.04140625 0.034375
6 0.27734375 0.5328125 0.1265625 0.04765625
6 0.9296875 0.55625 0.09453125 0.04375
6 0.590625 0.565625 0.13046875 0.09765625
6 0.68203125 0.6234375 0.1671875 0.103125
6 0.39453125 0.62421875 0.1421875 0.1234375