6 0.2890625 0.3 0.13359375 0.12734375
6 0.43359375 0.315625 0.0515625 0.04921875
6 0.24375 0.35625 0.08203125 0.06796875
6 0.6234375 0.4453125 0.2 0.178125
5 0.69609375 0.1734375 0.0234375 0.04140625
5 0.2625 0.175 0.021875 0.04296875
5 0.159375 0.178125 0.02109375 0.03984375
5 0.7328125 0.1796875 0.02421875 0.06484375
5 0.06328125 0.18515625 0.0234375 0.0453125
5 0.6171875 0.196875 0.015625 0.03125
5 0.5453125 0.196875 0.015625 0.03359375
5 0.47109375 0.19765625 0.0171875 0.0296875
5 0.165625 0.2109375 0.02421875 0.025
5 0.109375 0.2125 0.01484375 0.03359375