5 0.290625 0.2703125 0.01875 0.04453125
5 0.15 0.271875 0.01875 0.04375
5 0.853125 0.36875 0.02109375 0.06328125
5 0.7 0.38359375 0.01875 0.0421875
6 0.2578125 0.44453125 0.06015625 0.0359375
6 0.3296875 0.4453125 0.05078125 0.028125
6 0.1921875 0.4625 0.07578125 0.05625
6 0.27109375 0.47109375 0.0734375 0.0484375
6 0.125 0.478125 0.084375 0.06015625
6 0.3578125 0.48046875 0.09375 0.0671875
6 0.81796875 0.5015625 0.1859375 0.08359375
6 0.925 0.515625 0.15 0.1
6 0.0515625 0.55703125 0.103125 0.1171875