5 0.55625 0.0296875 0.10078125 0.05859375
5 0.9046875 0.0328125 0.05859375 0.06484375
6 0.4875 0.3234375 0.02578125 0.02734375
6 0.521875 0.321875 0.03046875 0.02265625
6 0.35625 0.3359375 0.03515625 0.02890625
6 0.59140625 0.3375 0.0390625 0.03984375
6 0.2296875 0.35546875 0.06953125 0.0421875
6 0.678125 0.37578125 0.07421875 0.0609375
6 0.309375 0.378125 0.07734375 0.05390625
6 0.1859375 0.3890625 0.09375 0.065625
6 0.0546875 0.39921875 0.109375 0.0671875
6 0.0921875 0.46640625 0.184375 0.1265625
6 0.9546875 0.503125 0.08828125 0.17265625
2 0.5 0.7515625 1 0.196875