6 0.453125 0.2859375 0.03984375 0.046875
6 0.31171875 0.28828125 0.0328125 0.0328125
6 0.540625 0.2890625 0.03984375 0.034375
6 0.4859375 0.29609375 0.046875 0.0484375
6 0.265625 0.2984375 0.04453125 0.04140625
6 0.2171875 0.309375 0.05546875 0.05859375
6 0.1734375 0.31015625 0.04453125 0.0296875
6 0.04140625 0.3109375 0.0828125 0.04140625
6 0.3375 0.3484375 0.0875 0.06953125
6 0.55390625 0.35 0.0765625 0.071875
1 0.7875 0.38125 0.41796875 0.38203125
6 0.040625 0.39375 0.08125 0.12890625
5 0.39375 0.1421875 0.01953125 0.05703125
5 0.6203125 0.1484375 0.01953125 0.046875
5 0.5 0.15 0.01953125 0.04609375